descriptor-OOH_s	descriptor-O_s	C6H12O_g	C6H12_g	H2O2_g	H2O_g
-2.5	2.5	6.852338488103261e-92	0.0	1.0876561418486573e-46	4.177884591546075e-41
-2.5	2.1578947368421053	2.0939415025086624e-36	0.0	0.0	1.9632743101762447e-34
-2.5	1.8157894736842106	3.376315934407188e-36	0.0	0.0	1.972056768409802e-34
-2.5	1.473684210526316	4.895817457090689e-36	0.0	0.0	1.883254774490463e-34
-2.5	1.1315789473684212	1.3075923485119173e-36	0.0	0.0	7.581093190843539e-35
-2.5	0.7894736842105265	7.171383112025355e-39	0.0	0.0	4.343421293733987e-36
-2.5	0.44736842105263186	1.6300631604700326e-41	0.0	0.0	1.6248604226715886e-37
-2.5	0.10526315789473717	8.686175883492807e-46	0.0	1.5575120298334978e-45	9.320548155165924e-40
-2.5	-0.23684210526315796	8.810832933650748e-56	0.0	1.9202713811223432e-50	7.377201639463447e-45
-2.5	-0.5789473684210527	6.362105522729926e-66	0.0	2.0517886932567773e-34	7.882422478387768e-29
-2.5	-0.9210526315789473	4.5968263824666734e-76	0.0	1.3706219354083247e-39	5.265562280302404e-34
-2.5	-1.263157894736842	0.0	0.0	3.6623727676189622e-34	0.0
-2.5	-1.6052631578947367	2.8747723721758187e-26	0.0	0.0	0.0
-2.5	-1.9473684210526314	2.697092884151557e-26	0.0	0.0	0.0
-2.5	-2.2894736842105265	4.723953936971761e-26	0.0	0.0	0.0
-2.5	-2.6315789473684212	2.0675839020419498e-26	0.0	2.8165960127569732e-126	0.0
-2.5	-2.973684210526316	3.621028121917912e-26	0.0	0.0	0.0
-2.5	-3.3157894736842106	6.339417825111956e-26	0.0	0.0	0.0
-2.5	-3.6578947368421053	2.775608065849814e-26	0.0	0.0	0.0
-2.5	-4.0	4.859321346240492e-26	0.0	2.350054028354657e-71	0.0
-2.7368421052631584	2.5	1.1202900468226656e-34	0.0	0.0	1.4238403651052403e-33
-2.7368421052631584	2.1578947368421053	7.794114919079346e-33	0.0	0.0	9.105825979266373e-33
-2.7368421052631584	1.8157894736842106	1.291872395570282e-32	0.0	0.0	1.4227707792852117e-32
-2.7368421052631584	1.473684210526316	1.8732966558626944e-32	0.0	0.0	1.9971766194887583e-32
-2.7368421052631584	1.1315789473684212	5.003846095636673e-33	0.0	0.0	5.507211161264402e-33
-2.7368421052631584	0.7894736842105265	2.744522864054837e-35	0.0	0.0	5.674976693719149e-35
-2.7368421052631584	0.44736842105263186	6.23835788684303e-38	0.0	0.0	1.1603771698241492e-36
-2.7368421052631584	0.10526315789473717	3.324256659001582e-42	0.0	0.0	6.302280902809036e-39
-2.7368421052631584	-0.23684210526315796	3.371963733456729e-52	0.0	3.276332062390948e-49	4.985620695585407e-44
-2.7368421052631584	-0.5789473684210527	2.4348196421409935e-62	0.0	3.5043113315546783e-33	5.32705629064141e-28
-2.7368421052631584	-0.9210526315789473	1.7592357007506848e-72	0.0	2.3409262343983313e-38	3.5585439306472884e-33
-2.7368421052631584	-1.263157894736842	0.0	0.0	6.255076086541903e-33	0.0
-2.7368421052631584	-1.6052631578947367	1.9630584366205242e-26	0.0	0.0	0.0
-2.7368421052631584	-1.9473684210526314	2.6966826153716556e-26	0.0	0.0	0.0
-2.7368421052631584	-2.2894736842105265	4.724040535832355e-26	0.0	0.0	0.0
-2.7368421052631584	-2.6315789473684212	2.0676218074219695e-26	0.0	1.0062607345556438e-122	0.0
-2.7368421052631584	-2.973684210526316	3.6210945068645954e-26	0.0	0.0	0.0
-2.7368421052631584	-3.3157894736842106	6.339534046776122e-26	0.0	0.0	0.0
-2.7368421052631584	-3.6578947368421053	2.775658951561623e-26	0.0	0.0	0.0
-2.7368421052631584	-4.0	4.8594104330350775e-26	0.0	4.01217474422365e-70	0.0
-2.973684210526316	2.5	6.742644405281358e-32	0.0	0.0	7.624871073137133e-32
-2.973684210526316	2.1578947368421053	3.770507882771036e-30	0.0	0.0	3.779329478208706e-30
-2.973684210526316	1.8157894736842106	4.9361098718773955e-29	0.0	0.0	4.93699020622912e-29
-2.973684210526316	1.473684210526316	7.159802502292746e-29	0.0	0.0	7.160635853129921e-29
-2.973684210526316	1.1315789473684212	1.9139814526077896e-29	0.0	0.0	1.9143209981443892e-29
-2.973684210526316	0.7894736842105265	1.050314275910955e-31	0.0	0.0	1.0522945037675275e-31
-2.973684210526316	0.44736842105263186	2.387457777726191e-34	0.0	0.0	2.461661485263011e-34
-2.973684210526316	0.10526315789473717	1.272214106800747e-38	0.0	0.0	5.529139184247817e-38
-2.973684210526316	-0.23684210526315796	1.2904726718369242e-48	0.0	4.3110319498578146e-48	3.3693681383555667e-43
-2.973684210526316	-0.5789473684210527	9.31821495732982e-59	0.0	5.985118225708584e-32	3.600102479507893e-27
-2.973684210526316	-0.9210526315789473	6.732710773088512e-69	0.0	3.998137993617638e-37	2.4049159865699615e-32
-2.973684210526316	-1.263157894736842	0.0	0.0	1.068323170004542e-31	0.0
-2.973684210526316	-1.6052631578947367	4.5051562767761605e-26	0.0	0.0	0.0
-2.973684210526316	-1.9473684210526314	2.695442800323335e-26	0.0	0.0	0.0
-2.973684210526316	-2.2894736842105265	4.724127125048248e-26	0.0	0.0	0.0
-2.973684210526316	-2.6315789473684212	2.0676597134968773e-26	0.0	2.517837942170348e-119	0.0
-2.973684210526316	-2.973684210526316	3.621160893028325e-26	0.0	0.0	0.0
-2.973684210526316	-3.3157894736842106	6.339650270571e-26	0.0	0.0	0.0
-2.973684210526316	-3.6578947368421053	2.7757098382063284e-26	0.0	0.0	0.0
-2.973684210526316	-4.0	4.8594995214629065e-26	0.0	6.849862078238285e-69	0.0
-3.210526315789474	2.5	5.61181083264988e-66	0.0	0.0	0.0
-3.210526315789474	2.1578947368421053	8.311114404836965e-66	2.8671979632240225e-31	0.0	0.0
-3.210526315789474	1.8157894736842106	1.2301641849556113e-65	9.374143724819889e-29	9.05315908000901e-32	0.0
-3.210526315789474	1.473684210526316	2.2150961934693293e-68	1.525282039945163e-26	1.9142740445354285e-31	0.0
-3.210526315789474	1.1315789473684212	4.89073800596796e-72	4.1783627647255095e-26	3.0590630961940675e-33	0.0
-3.210526315789474	0.7894736842105265	4.0186773928420617e-28	0.0	0.0	4.018690765500497e-28
-3.210526315789474	0.44736842105263186	9.136166731382807e-31	0.0	0.0	9.136668177302757e-31
-3.210526315789474	0.10526315789473717	4.857333048404539e-35	0.0	0.0	4.886067908064824e-35
-3.210526315789474	-0.23684210526315796	4.938215493801668e-45	0.0	0.0	2.2818804555314337e-42
-3.210526315789474	-0.5789473684210527	3.566128741433939e-55	0.0	1.0222143342935181e-30	2.432997278703617e-26
-3.210526315789474	-0.9210526315789473	2.5766523771041583e-65	0.0	6.82853912674131e-36	1.6252772599658264e-31
-3.210526315789474	-1.263157894736842	0.0	0.0	1.8246211205180875e-30	0.0
-3.210526315789474	-1.6052631578947367	2.3964329168951368e-26	0.0	0.0	0.0
-3.210526315789474	-1.9473684210526314	2.691880147074556e-26	0.0	0.0	0.0
-3.210526315789474	-2.2894736842105265	4.7242136843335603e-26	0.0	0.0	0.0
-3.210526315789474	-2.6315789473684212	2.0676976202666175e-26	0.0	0.0	0.0
-3.210526315789474	-2.973684210526316	3.621227280409124e-26	4.078003681734376e-127	1.16049446693401e-125	0.0
-3.210526315789474	-3.3157894736842106	6.33976649649663e-26	0.0	0.0	0.0
-3.210526315789474	-3.6578947368421053	2.7757607257839477e-26	0.0	0.0	0.0
-3.210526315789474	-4.0	4.8595886115240097e-26	0.0	1.1694557908635314e-67	0.0
-3.447368421052632	2.5	6.224431076499216e-70	0.0	0.0	0.0
-3.447368421052632	2.1578947368421053	9.480075978287328e-70	0.0	0.0	0.0
-3.447368421052632	1.8157894736842106	1.4039493645212237e-69	3.873671366096219e-30	2.130433749311409e-32	0.0
-3.447368421052632	1.473684210526316	3.8921793203846904e-70	4.404861111432808e-26	4.311565585788832e-31	0.0
-3.447368421052632	1.1315789473684212	1.3125191178842262e-73	4.581334416488201e-26	6.226033366701487e-32	0.0
-3.447368421052632	0.7894736842105265	1.9148491531160617e-73	4.552938278781951e-26	6.187443021314029e-32	0.0
-3.447368421052632	0.44736842105263186	2.5979491983593995e-73	4.372696558486451e-26	5.468016232481551e-32	0.0
-3.447368421052632	0.10526315789473717	3.376289138689507e-73	1.8956026082535488e-26	2.397990651132603e-31	0.0
-3.447368421052632	-0.23684210526315796	1.2639028082710474e-41	0.0	0.0	2.522301778539744e-41
-3.447368421052632	-0.5789473684210527	1.3451980409977905e-51	0.0	9.487933295085027e-51	1.0202741630622596e-46
-3.447368421052632	-0.9210526315789473	9.855814716491865e-62	0.0	1.1659588913215667e-34	1.0980962849028321e-30
-3.447368421052632	-1.263157894736842	7.124780649104396e-72	0.0	7.790747905261712e-40	7.337300994855006e-36
-3.447368421052632	-1.6052631578947367	4.952197760274563e-26	0.0	0.0	0.0
-3.447368421052632	-1.9473684210526314	2.681837804021039e-26	0.0	0.0	0.0
-3.447368421052632	-2.2894736842105265	4.7243001567658755e-26	0.0	0.0	0.0
-3.447368421052632	-2.6315789473684212	2.0677355277310102e-26	0.0	0.0	0.0
-3.447368421052632	-2.973684210526316	3.6212936690070145e-26	0.0	4.432495656625385e-122	0.0
-3.447368421052632	-3.3157894736842106	6.339882724553049e-26	0.0	0.0	0.0
-3.447368421052632	-3.6578947368421053	2.7758116142944986e-26	0.0	0.0	0.0
-3.447368421052632	-4.0	4.859677703218417e-26	0.0	1.9965757171874335e-66	0.0
-3.68421052631579	2.5	3.0177817154773642e-49	0.0	4.406546422108239e-42	2.1407084802756277e-39
-3.68421052631579	2.1578947368421053	5.318158675197394e-70	0.0	0.0	0.0
-3.68421052631579	1.8157894736842106	3.4798448610276624e-70	2.0148336198924097e-31	0.0	0.0
-3.68421052631579	1.473684210526316	2.2536428268360256e-70	1.9692032001176701e-28	5.090467976804082e-31	0.0
-3.68421052631579	1.1315789473684212	9.666939466021089e-73	3.8760467747179534e-26	8.997771173046383e-31	0.0
-3.68421052631579	0.7894736842105265	3.275188689023001e-72	2.1000346922919518e-26	4.6522528074543064e-30	0.0
-3.68421052631579	0.44736842105263186	1.9737938375348938e-72	2.0955706321549468e-26	4.642363797990363e-30	0.0
-3.68421052631579	0.10526315789473717	1.1212586211836765e-72	2.093810576706893e-26	4.638465028745168e-30	0.0
-3.68421052631579	-0.23684210526315796	2.5538536210239424e-63	5.897328911365353e-26	1.6919331470206246e-30	0.0
-3.68421052631579	-0.5789473684210527	4.086552730986739e-40	1.3659232079257352e-26	3.038208268627208e-30	0.0
-3.68421052631579	-0.9210526315789473	1.4224461077917048e-59	0.0	3.867158484805586e-34	1.4411416866480572e-30
-3.68421052631579	-1.263157894736842	2.5327012565294054e-68	0.0	1.2823969365142614e-38	4.779001672761869e-35
-3.68421052631579	-1.6052631578947367	2.5311282432181933e-26	0.0	0.0	0.0
-3.68421052631579	-1.9473684210526314	2.6539101469464184e-26	0.0	0.0	0.0
-3.68421052631579	-2.2894736842105265	4.7243863826197433e-26	0.0	0.0	0.0
-3.68421052631579	-2.6315789473684212	2.0677734358895285e-26	0.0	0.0	0.0
-3.68421052631579	-2.973684210526316	3.6213600588220755e-26	0.0	1.6833257082308743e-118	0.0
-3.68421052631579	-3.3157894736842106	6.339998954740299e-26	0.0	0.0	0.0
-3.68421052631579	-3.6578947368421053	2.775862503737997e-26	0.0	0.0	0.0
-3.68421052631579	-4.0	4.8597667965461575e-26	0.0	3.4086919524471624e-65	0.0
-3.9210526315789473	2.5	2.2441949109925048e-59	0.0	8.585487319590057e-44	0.0
-3.9210526315789473	2.1578947368421053	1.462710417724547e-54	0.0	5.268670278190641e-44	0.0
-3.9210526315789473	1.8157894736842106	1.5926504015713187e-56	6.23615271864312e-32	0.0	0.0
-3.9210526315789473	1.473684210526316	1.0783527613909465e-56	5.042987344331013e-30	2.9778424407896386e-31	0.0
-3.9210526315789473	1.1315789473684212	7.596591308175225e-57	2.7377556583399677e-27	2.8537210430058467e-29	0.0
-3.9210526315789473	0.7894736842105265	5.446221897673702e-57	2.5057274662114944e-27	2.4112988396638255e-29	0.0
-3.9210526315789473	0.44736842105263186	3.6862317939112816e-57	2.4895115927120236e-27	2.3957030958037157e-29	0.0
-3.9210526315789473	0.10526315789473717	2.484126799393071e-57	2.504031923104071e-27	2.4096853639067305e-29	0.0
-3.9210526315789473	-0.23684210526315796	1.7867201490738092e-57	0.0	5.5912128288592875e-30	0.0
-3.9210526315789473	-0.5789473684210527	2.603542583546517e-41	3.6430757182265173e-26	4.460512211759986e-30	0.0
-3.9210526315789473	-0.9210526315789473	1.7657144153202235e-26	0.0	3.4669128630608235e-38	0.0
-3.9210526315789473	-1.263157894736842	3.019262487257267e-26	0.0	3.682567675284319e-49	0.0
-3.9210526315789473	-1.6052631578947367	5.1548112802724957e-26	0.0	6.32296244677009e-60	0.0
-3.9210526315789473	-1.9473684210526314	2.5780442590697075e-26	0.0	0.0	0.0
-3.9210526315789473	-2.2894736842105265	4.724471913707007e-26	0.0	0.0	0.0
-3.9210526315789473	-2.6315789473684212	2.067811344740671e-26	0.0	0.0	0.0
-3.9210526315789473	-2.973684210526316	3.6214264498542163e-26	0.0	6.195871745691192e-115	0.0
-3.9210526315789473	-3.3157894736842106	6.340115187057633e-26	0.0	0.0	0.0
-3.9210526315789473	-3.6578947368421053	2.7759133941144604e-26	0.0	0.0	0.0
-3.9210526315789473	-4.0	4.859855891507262e-26	0.0	5.819554238196822e-64	0.0
-4.157894736842105	2.5	1.2818150298153642e-69	0.0	8.656210704261154e-46	0.0
-4.157894736842105	2.1578947368421053	2.214305125106414e-64	0.0	8.648427642431278e-46	0.0
-4.157894736842105	1.8157894736842106	1.435085906396936e-59	0.0	5.290643237669077e-46	0.0
-4.157894736842105	1.473684210526316	1.3256300298053532e-41	4.141761105503047e-30	4.163046664893065e-30	0.0
-4.157894736842105	1.1315789473684212	2.4661586165110645e-39	7.895996872682454e-27	3.519977577898809e-28	0.0
-4.157894736842105	0.7894736842105265	2.8859223845306367e-36	3.748727475408695e-26	7.838429561039522e-29	0.0
-4.157894736842105	0.44736842105263186	9.499730398286471e-36	8.232773204725622e-27	3.6669822715626198e-28	0.0
-4.157894736842105	0.10526315789473717	1.3819810589467134e-36	0.0	9.108332760375894e-29	0.0
-4.157894736842105	-0.23684210526315796	5.060677210717278e-36	2.245031933046023e-27	9.999843999597477e-29	0.0
-4.157894736842105	-0.5789473684210527	1.4980112184787626e-34	0.0	8.792853988512849e-29	0.0
-4.157894736842105	-0.9210526315789473	3.5883000993966094e-26	2.7688686073415545e-39	1.6105082728761996e-37	0.0
-4.157894736842105	-1.263157894736842	6.135733221270631e-26	0.0	2.2072556036830603e-48	0.0
-4.157894736842105	-1.6052631578947367	2.6209046951489224e-26	0.0	5.61210457588975e-60	0.0
-4.157894736842105	-1.9473684210526314	2.3835966253338656e-26	0.0	3.164710719874939e-65	0.0
-4.157894736842105	-2.2894736842105265	4.724555492405233e-26	0.0	2.4881677406781304e-99	0.0
-4.157894736842105	-2.6315789473684212	2.0678492542802013e-26	0.0	0.0	0.0
-4.157894736842105	-2.973684210526316	3.621492842103515e-26	0.0	1.9306793835588558e-111	0.0
-4.157894736842105	-3.3157894736842106	6.340231421506658e-26	0.0	1.7965352560580343e-121	0.0
-4.157894736842105	-3.6578947368421053	2.7759642854239064e-26	0.0	0.0	0.0
-4.157894736842105	-4.0	4.8599449881018356e-26	0.0	9.935544650852083e-63	0.0
-4.394736842105264	2.5	6.572266434905396e-80	2.158687779813152e-43	8.207839419206998e-28	0.0
-4.394736842105264	2.1578947368421053	1.0752717553636296e-74	5.7194597114481375e-42	7.980667086435725e-28	0.0
-4.394736842105264	1.8157894736842106	5.873943285043259e-70	8.755712080302905e-41	4.483802459105329e-28	0.0
-4.394736842105264	1.473684210526316	3.2997236754775284e-27	1.8484356895770446e-38	9.354730829118718e-33	0.0
-4.394736842105264	1.1315789473684212	3.9512586225902344e-26	4.8019276763222977e-48	3.2961402308820937e-40	0.0
-4.394736842105264	0.7894736842105265	2.9571500205333877e-26	0.0	2.965505450628942e-39	0.0
-4.394736842105264	0.44736842105263186	2.2131520811915592e-26	2.2130263825120374e-40	9.352854100674726e-37	0.0
-4.394736842105264	0.10526315789473717	6.625354953950649e-26	0.0	1.807514606190946e-36	0.0
-4.394736842105264	-0.23684210526315796	4.958462720517263e-26	0.0	2.5254944301975777e-36	0.0
-4.394736842105264	-0.5789473684210527	3.7119902423760616e-26	2.0498535395886284e-40	4.189029323843978e-37	0.0
-4.394736842105264	-0.9210526315789473	1.8664162755428616e-26	4.340953935343684e-43	2.366423168883207e-40	0.0
-4.394736842105264	-1.263157894736842	3.117253647194899e-26	0.0	1.8639827807521976e-51	0.0
-4.394736842105264	-1.6052631578947367	5.327647608299201e-26	0.0	0.0	0.0
-4.394736842105264	-1.9473684210526314	1.9517503671832925e-26	5.712575794846482e-72	0.0	0.0
-4.394736842105264	-2.2894736842105265	4.7246335898290206e-26	0.0	0.0	0.0
-4.394736842105264	-2.6315789473684212	2.0678871644962082e-26	0.0	2.7956006659390922e-95	0.0
-4.394736842105264	-2.973684210526316	3.621559235569995e-26	0.0	5.349253349833096e-108	0.0
-4.394736842105264	-3.3157894736842106	6.340347658086629e-26	0.0	6.872075871272494e-118	0.0
-4.394736842105264	-3.6578947368421053	2.7760151776663517e-26	0.0	0.0	0.0
-4.394736842105264	-4.0	4.860034086329757e-26	0.0	9.323609705167926e-62	0.0
-4.631578947368421	2.5	2.9865724331547947e-90	0.0	2.040145239957965e-31	0.0
-4.631578947368421	2.1578947368421053	3.520589903088984e-86	3.862403179289625e-46	5.324653138011918e-32	0.0
-4.631578947368421	1.8157894736842106	3.3484158653768485e-26	3.3840129547603444e-48	1.0462597817440107e-39	0.0
-4.631578947368421	1.473684210526316	2.5059782187900213e-26	2.061984938720183e-68	1.1059971440648163e-58	0.0
-4.631578947368421	1.1315789473684212	1.875491899911666e-26	1.6197408203211086e-87	0.0	0.0
-4.631578947368421	0.7894736842105265	5.614525841061935e-26	0.0	0.0	0.0
-4.631578947368421	0.44736842105263186	4.2019510216815485e-26	2.754389541859307e-90	1.1478378598185351e-90	0.0
-4.631578947368421	0.10526315789473717	3.1447699927733917e-26	0.0	0.0	0.0
-4.631578947368421	-0.23684210526315796	2.35356820119504e-26	1.678003500369349e-73	8.47600611536354e-56	0.0
-4.631578947368421	-0.5789473684210527	7.045709159876948e-26	3.532568842921865e-49	7.218175721300013e-46	0.0
-4.631578947368421	-0.9210526315789473	5.330944941771816e-26	4.853624566430709e-47	2.6453799136696436e-44	0.0
-4.631578947368421	-1.263157894736842	6.338723328305328e-26	0.0	7.315937241123897e-53	0.0
-4.631578947368421	-1.6052631578947367	2.7069696905022306e-26	0.0	0.0	0.0
-4.631578947368421	-1.9473684210526314	4.975996368716702e-26	0.0	1.2852890316659425e-63	0.0
-4.631578947368421	-2.2894736842105265	4.724696303998611e-26	0.0	0.0	0.0
-4.631578947368421	-2.6315789473684212	2.0679250753552466e-26	0.0	0.0	0.0
-4.631578947368421	-2.973684210526316	3.621625630253677e-26	0.0	4.551473377868677e-104	0.0
-4.631578947368421	-3.3157894736842106	6.340463896797587e-26	0.0	2.593889946292253e-114	0.0
-4.631578947368421	-3.6578947368421053	2.7760660708418134e-26	0.0	0.0	0.0
-4.631578947368421	-4.0	4.860123186191132e-26	0.0	9.320002420428243e-62	0.0
-4.868421052631579	2.5	2.838537272621787e-26	0.0	7.76650477956915e-47	0.0
-4.868421052631579	2.1578947368421053	2.1243814585872685e-26	0.0	2.7537585996813966e-65	0.0
-4.868421052631579	1.8157894736842106	6.359608697025283e-26	1.8575856271104043e-91	1.4660592644141034e-80	0.0
-4.868421052631579	1.473684210526316	4.759576324524261e-26	1.0916761090035542e-97	5.185461517767103e-97	0.0
-4.868421052631579	1.1315789473684212	3.5621007309841935e-26	3.081438614313449e-98	1.4636833420890996e-97	0.0
-4.868421052631579	0.7894736842105265	2.665901490442057e-26	8.943980985992715e-99	4.248394889081289e-98	0.0
-4.868421052631579	0.44736842105263186	1.9951796126369398e-26	4.419957429988445e-99	2.108539469674903e-98	0.0
-4.868421052631579	0.10526315789473717	5.972826379211087e-26	0.0	2.1605168689894316e-99	0.0
-4.868421052631579	-0.23684210526315796	4.470105689961348e-26	0.0	0.0	0.0
-4.868421052631579	-0.5789473684210527	3.345458851719782e-26	0.0	0.0	0.0
-4.868421052631579	-0.9210526315789473	2.503772352945835e-26	5.1543374573790266e-55	2.8085973520224688e-52	0.0
-4.868421052631579	-1.263157894736842	2.678722004931566e-26	0.0	1.2161333114117678e-50	0.0
-4.868421052631579	-1.6052631578947367	5.503286071269294e-26	0.0	8.856416697906839e-61	0.0
-4.868421052631579	-1.9473684210526314	2.149265414922622e-26	0.0	2.789004174061604e-63	0.0
-4.868421052631579	-2.2894736842105265	4.723070426745782e-26	2.656405760408529e-66	2.10630978278762e-62	0.0
-4.868421052631579	-2.6315789473684212	2.0672427845394792e-26	0.0	0.0	0.0
-4.868421052631579	-2.973684210526316	3.620430712161583e-26	0.0	0.0	0.0
-4.868421052631579	-3.3157894736842106	6.33837192600997e-26	6.734849750011223e-113	7.857097151928052e-111	0.0
-4.868421052631579	-3.6578947368421053	2.775150136421321e-26	0.0	0.0	0.0
-4.868421052631579	-4.0	4.858519638580784e-26	0.0	9.316396411221183e-62	0.0
-5.105263157894737	2.5	5.389311937246663e-26	1.895931808727772e-98	9.005676091284052e-98	0.0
-5.105263157894737	2.1578947368421053	4.033400599077956e-26	6.3985282557877645e-99	3.039300921499188e-98	0.0
-5.105263157894737	1.8157894736842106	3.018626476812863e-26	1.7724964529311435e-99	8.419358151422932e-99	0.0
-5.105263157894737	1.473684210526316	2.259162027118002e-26	1.837133055648497e-99	8.72638201433036e-99	0.0
-5.105263157894737	1.1315789473684212	6.763093006247161e-26	3.7126993186982366e-100	1.7635321763816634e-99	0.0
-5.105263157894737	0.7894736842105265	5.061547734447739e-26	1.8715418272580203e-100	8.889823679497189e-100	0.0
-5.105263157894737	0.44736842105263186	3.7880988533490974e-26	4.901913557339209e-101	2.3284089660594614e-100	0.0
-5.105263157894737	0.10526315789473717	2.8350404623123954e-26	4.8773203899642534e-101	2.31684911269198e-100	0.0
-5.105263157894737	-0.23684210526315796	2.1217646613279342e-26	8.157229548602246e-101	5.146881454782097e-100	0.0
-5.105263157894737	-0.5789473684210527	6.35177560104e-26	0.0	0.0	0.0
-5.105263157894737	-0.9210526315789473	4.753714386753538e-26	0.0	0.0	0.0
-5.105263157894737	-1.263157894736842	3.558113214468629e-26	0.0	1.8482102966852425e-58	0.0
-5.105263157894737	-1.6052631578947367	2.9623414954230704e-26	0.0	3.9548038806202186e-60	0.0
-5.105263157894737	-1.9473684210526314	2.3874083969495466e-26	0.0	1.5391143355024992e-63	0.0
-5.105263157894737	-2.2894736842105265	4.722968950682466e-26	2.837070790361389e-66	2.249326651094507e-62	0.0
-5.105263157894737	-2.6315789473684212	2.0672806830302682e-26	0.0	0.0	0.0
-5.105263157894737	-2.973684210526316	3.620497086155839e-26	0.0	0.0	0.0
-5.105263157894737	-3.3157894736842106	6.338488128499484e-26	8.911606736153975e-109	5.48557068010414e-108	0.0
-5.105263157894737	-3.6578947368421053	2.775201013737829e-26	0.0	2.4178518432959796e-117	0.0
-5.105263157894737	-4.0	4.8586087106775215e-26	0.0	9.312791677137602e-62	0.0
-5.342105263157895	2.5	2.237605932610412e-35	1.1263810503677968e-80	5.130545572642426e-29	0.0
-5.342105263157895	2.1578947368421053	1.9099179707570922e-26	1.2535226011874825e-100	5.954232355640542e-100	0.0
-5.342105263157895	1.8157894736842106	5.719694076629059e-26	2.7441234301310404e-101	1.3034586476332062e-100	0.0
-5.342105263157895	1.473684210526316	4.2820261897460125e-26	6.99486431780325e-102	3.322560550956544e-101	0.0
-5.342105263157895	1.1315789473684212	3.205584015589832e-26	5.682334047544147e-102	2.69910867258362e-101	0.0
-5.342105263157895	0.7894736842105265	2.399655221218083e-26	1.4648168245714975e-102	6.957879916714613e-102	0.0
-5.342105263157895	0.44736842105263186	1.7962903850750994e-26	3.7919653053658113e-103	1.801183520048814e-102	0.0
-5.342105263157895	0.10526315789473717	5.378388031219416e-26	3.157842952665729e-103	1.4999754027239334e-102	0.0
-5.342105263157895	-0.23684210526315796	4.02584689363634e-26	1.2794815266540384e-103	6.07754116925654e-103	0.0
-5.342105263157895	-0.5789473684210527	3.0133759291564146e-26	3.5869976921660286e-103	1.7089524743452242e-102	0.0
-5.342105263157895	-0.9210526315789473	2.2554932633710962e-26	0.0	8.18759615196018e-103	0.0
-5.342105263157895	-1.263157894736842	6.752785791393311e-26	1.0892216861968711e-70	1.1322556583394716e-63	0.0
-5.342105263157895	-1.6052631578947367	5.076441278912151e-26	0.0	7.752071204849609e-65	0.0
-5.342105263157895	-1.9473684210526314	1.8267364020971318e-26	0.0	0.0	0.0
-5.342105263157895	-2.2894736842105265	4.7225278456967894e-26	2.4320017701451334e-66	1.9281699587790815e-62	0.0
-5.342105263157895	-2.6315789473684212	2.0673185810680256e-26	0.0	0.0	0.0
-5.342105263157895	-2.973684210526316	3.620563461366926e-26	0.0	0.0	0.0
-5.342105263157895	-3.3157894736842106	6.338604333119358e-26	2.0823397838804346e-106	1.6031292926498296e-105	0.0
-5.342105263157895	-3.6578947368421053	2.77525189198708e-26	3.5371990113868365e-115	2.4097518950858602e-114	0.0
-5.342105263157895	-4.0	4.858697784407234e-26	0.0	9.30918821776845e-62	0.0
-5.578947368421053	2.5	2.4395694444591873e-26	5.8537691197252384e-102	2.7805403318694882e-101	0.0
-5.578947368421053	2.1578947368421053	2.1640222701607968e-26	2.9251473344770313e-102	1.3894389551414089e-101	0.0
-5.578947368421053	1.8157894736842106	1.9027948350747052e-26	6.75214029671148e-103	3.207266641304047e-102	0.0
-5.578947368421053	1.473684210526316	6.633222670569942e-26	2.050069982923198e-103	9.737832593619258e-103	0.0
-5.578947368421053	1.1315789473684212	5.729567158571965e-26	1.4816550758218668e-103	7.037861610731231e-103	0.0
-5.578947368421053	0.7894736842105265	4.905094629363822e-26	4.775259254786858e-104	2.2682481460217166e-103	0.0
-5.578947368421053	0.44736842105263186	4.162234331225181e-26	6.402146482343369e-105	3.041019579083408e-104	0.0
-5.578947368421053	0.10526315789473717	3.5011121550914435e-26	4.3595815656834776e-105	2.0708012436996525e-104	0.0
-5.578947368421053	-0.23684210526315796	2.919807901122715e-26	9.572259930773184e-106	4.546823467124979e-105	0.0
-5.578947368421053	-0.5789473684210527	2.4146884983297878e-26	4.0505745940539525e-105	1.924022947368783e-104	0.0
-5.578947368421053	-0.9210526315789473	1.980784272996884e-26	1.0011759965757579e-104	4.755760798744136e-104	0.0
-5.578947368421053	-1.263157894736842	6.448709710040894e-26	1.1908512327440333e-104	6.832937583046769e-104	0.0
-5.578947368421053	-1.6052631578947367	5.209506970651435e-26	0.0	0.0	0.0
-5.578947368421053	-1.9473684210526314	4.5371793962145937e-26	3.873180642124902e-66	0.0	0.0
-5.578947368421053	-2.2894736842105265	4.7209508626395997e-26	2.5439067003490176e-66	2.0166810984094204e-62	0.0
-5.578947368421053	-2.6315789473684212	2.067356476043294e-26	0.0	0.0	0.0
-5.578947368421053	-2.973684210526316	3.620629837794383e-26	0.0	0.0	0.0
-5.578947368421053	-3.3157894736842106	6.338720539869632e-26	0.0	3.72770227820518e-103	0.0
-5.578947368421053	-3.6578947368421053	2.7753027711690906e-26	1.5326146831977346e-112	7.488212707529418e-112	0.0
-5.578947368421053	-4.0	4.858786859769349e-26	0.0	9.305586032712226e-62	0.0
-5.815789473684211	2.5	1.9806235766840508e-26	6.21830749025408e-100	3.420069119639744e-99	0.0
-5.815789473684211	2.1578947368421053	1.9802510553643426e-26	3.420957822215382e-100	1.6249548151505674e-99	0.0
-5.815789473684211	1.8157894736842106	1.9798205956618722e-26	6.629385086221823e-101	3.148957915954818e-100	0.0
-5.815789473684211	1.473684210526316	1.9793232130959025e-26	3.171086194142199e-101	1.5062659422175443e-100	0.0
-5.815789473684211	1.1315789473684212	1.978748538922977e-26	6.3957126997672266e-102	3.0379669482966975e-101	0.0
-5.815789473684211	0.7894736842105265	1.9780846098660963e-26	9.60310868329445e-103	4.5614766245648695e-102	0.0
-5.815789473684211	0.44736842105263186	1.97731762691137e-26	3.679733308293159e-103	1.7478733214392506e-102	0.0
-5.815789473684211	0.10526315789473717	1.9764316789684366e-26	1.7938177754012365e-103	8.520634433155872e-103	0.0
-5.815789473684211	-0.23684210526315796	1.9754084267311118e-26	3.7239841628382885e-104	1.768892477348187e-103	0.0
-5.815789473684211	-0.5789473684210527	1.9742267416131198e-26	3.9683976202278525e-104	1.8849888696082712e-103	0.0
-5.815789473684211	-0.9210526315789473	1.9728622941960562e-26	3.1412113611411917e-104	1.4920753966864394e-103	0.0
-5.815789473684211	-1.263157894736842	1.9712870862152776e-26	2.144015405325909e-103	1.0184077761145557e-102	0.0
-5.815789473684211	-1.6052631578947367	1.9694689191904673e-26	3.3378539593755457e-103	1.5888112422593557e-102	0.0
-5.815789473684211	-1.9473684210526314	1.9672832115658085e-26	0.0	7.323113833503355e-103	0.0
-5.815789473684211	-2.2894736842105265	4.1065475552065606e-26	2.337574825571449e-66	1.8529598457663018e-62	0.0
-5.815789473684211	-2.6315789473684212	2.067392308237701e-26	0.0	0.0	0.0
-5.815789473684211	-2.973684210526316	3.620696215415019e-26	0.0	2.2853384140131762e-94	0.0
-5.815789473684211	-3.3157894736842106	6.338836748750345e-26	2.1014479586081886e-101	1.2552959720671968e-100	0.0
-5.815789473684211	-3.6578947368421053	2.7753536512838786e-26	4.407293642381214e-110	2.0984898723399084e-109	0.0
-5.815789473684211	-4.0	4.8588759367651e-26	6.915962927383372e-119	9.301985121557688e-62	0.0
-6.052631578947368	2.5	2.122557893763633e-26	4.259679129506954e-99	2.3428235212288245e-98	0.0
-6.052631578947368	2.1578947368421053	2.1225576007471387e-26	1.9417065812207966e-98	1.0679386196714381e-97	0.0
-6.052631578947368	1.8157894736842106	2.1225572620413025e-26	1.3882186885234041e-98	6.594038751099064e-98	0.0
-6.052631578947368	1.473684210526316	2.12255687052164e-26	5.343252261779732e-99	2.5380448243453833e-98	0.0
-6.052631578947368	1.1315789473684212	2.122556417952698e-26	6.516596423675804e-100	3.095383301367428e-99	0.0
-6.052631578947368	0.7894736842105265	2.1225558948157254e-26	5.263226842602287e-100	2.500032750130945e-99	0.0
-6.052631578947368	0.44736842105263186	2.1225552901069764e-26	1.2212522287123304e-100	5.80094808638357e-100	0.0
-6.052631578947368	0.10526315789473717	2.122554591106828e-26	2.4214045729417462e-101	1.1501671721473294e-100	0.0
-6.052631578947368	-0.23684210526315796	2.122553783113304e-26	1.1681153258365443e-101	5.548547797723585e-101	0.0
-6.052631578947368	-0.5789473684210527	2.12255284913103e-26	1.795103267525936e-102	8.526740520748196e-102	0.0
-6.052631578947368	-0.9210526315789473	2.1225517695146642e-26	1.2865213937172901e-102	6.110976620157142e-102	0.0
-6.052631578947368	-1.263157894736842	2.122550521556543e-26	7.1213632680427324e-102	3.382647552324458e-101	0.0
-6.052631578947368	-1.6052631578947367	2.1225490790059117e-26	1.6565090536578025e-101	7.868418048286054e-101	0.0
-6.052631578947368	-1.9473684210526314	2.122547386600234e-26	3.6001541363633816e-101	1.710117126892323e-100	0.0
-6.052631578947368	-2.2894736842105265	2.118826376827876e-26	1.1855599988911458e-100	6.398084881960307e-100	0.0
-6.052631578947368	-2.6315789473684212	2.0595958838166196e-26	0.0	1.7661370485771967e-98	0.0
-6.052631578947368	-2.973684210526316	3.620762502263763e-26	6.304747817221142e-95	3.206343393264036e-94	0.0
-6.052631578947368	-3.3157894736842106	6.338952959760459e-26	7.401838324890179e-99	3.5231436524245226e-98	0.0
-6.052631578947368	-3.6578947368421053	2.7754045323314603e-26	1.2303817957036449e-107	5.84839171782212e-107	0.0
-6.052631578947368	-4.0	4.858965015393915e-26	1.983590785871831e-116	9.298385483899488e-62	0.0
-6.2894736842105265	2.5	2.2719237833964872e-26	1.2843228069570187e-103	7.063775438263603e-103	0.0
-6.2894736842105265	2.1578947368421053	2.2719237831663403e-26	4.774575404819569e-102	2.626016472650763e-101	0.0
-6.2894736842105265	1.8157894736842106	2.2719237829005804e-26	1.775169180420644e-100	9.763430492313541e-100	0.0
-6.2894736842105265	1.473684210526316	2.271923782593405e-26	6.599337103546037e-99	3.62963540695032e-98	0.0
-6.2894736842105265	1.1315789473684212	2.2719237822380344e-26	1.2830369636436722e-97	7.056703300040196e-97	0.0
-6.2894736842105265	0.7894736842105265	2.2719237818275248e-26	4.4025124350313626e-98	2.0911934066395857e-97	0.0
-6.2894736842105265	0.44736842105263186	2.2719237813530292e-26	2.269148905180055e-98	1.0778457299605323e-97	0.0
-6.2894736842105265	0.10526315789473717	2.2719237808042013e-26	0.0	0.0	0.0
-6.2894736842105265	-0.23684210526315796	2.2719237801701705e-26	1.7967460522392194e-55	5.223359331741281e-52	0.0
-6.2894736842105265	-0.5789473684210527	2.2719237794372457e-26	6.848541152268741e-100	3.253057047327652e-99	0.0
-6.2894736842105265	-0.9210526315789473	2.271923778589704e-26	1.1915118090808313e-100	5.659681093133965e-100	0.0
-6.2894736842105265	-1.263157894736842	2.2719237776103507e-26	1.5319059494311368e-100	7.276553259798666e-100	0.0
-6.2894736842105265	-1.6052631578947367	2.2719237764781637e-26	7.150251665928962e-100	3.3963695413296088e-99	0.0
-6.2894736842105265	-1.9473684210526314	2.2719237751596614e-26	1.0739942076045459e-99	5.101472487209228e-99	0.0
-6.2894736842105265	-2.2894736842105265	2.2719227315030058e-26	5.3105017494306155e-99	2.5224891380995375e-98	0.0
-6.2894736842105265	-2.6315789473684212	2.1259145379095365e-26	3.644181836536256e-99	1.733361573743544e-98	0.0
-6.2894736842105265	-2.973684210526316	3.620476798107584e-26	1.3634746517585388e-95	6.480849354806256e-95	0.0
-6.2894736842105265	-3.3157894736842106	6.339069168785137e-26	2.0656616983757535e-96	9.814825447040968e-96	0.0
-6.2894736842105265	-3.6578947368421053	2.7754554143118416e-26	3.3878261454002914e-105	1.6259042525965948e-104	0.0
-6.2894736842105265	-4.0	4.859054095655824e-26	6.297320160936589e-115	9.322166638111463e-62	0.0
-6.526315789473684	2.5	2.4309515918402453e-26	3.282352922739546e-108	1.8052941075067503e-107	0.0
-6.526315789473684	2.1578947368421053	2.4309515918398768e-26	1.2202416486190342e-106	6.711329067404687e-106	0.0
-6.526315789473684	1.8157894736842106	2.4309515918397433e-26	4.536348495209957e-105	2.4949916723654762e-104	0.0
-6.526315789473684	1.473684210526316	2.4309515918396153e-26	1.6865972679260792e-103	9.276284973593435e-103	0.0
-6.526315789473684	1.1315789473684212	2.4309515918391487e-26	6.2700638242227e-102	3.448535103322485e-101	0.0
-6.526315789473684	0.7894736842105265	2.430951591838902e-26	2.330947684599795e-100	1.2820212265298872e-99	0.0
-6.526315789473684	0.44736842105263186	2.4309515918386425e-26	8.666374263283728e-99	4.76650584480605e-98	0.0
-6.526315789473684	0.10526315789473717	2.4309515918380243e-26	3.221782281671896e-97	1.7719802549195428e-96	0.0
-6.526315789473684	-0.23684210526315796	2.4309515917150413e-26	0.0	0.0	0.0
-6.526315789473684	-0.5789473684210527	2.4309515918371398e-26	3.0329393693561847e-90	0.0	0.0
-6.526315789473684	-0.9210526315789473	2.4309515918362498e-26	5.374926002709713e-98	2.553089851287232e-97	0.0
-6.526315789473684	-1.263157894736842	2.430951591835594e-26	2.160299710544666e-98	1.0261423625104796e-97	0.0
-6.526315789473684	-1.6052631578947367	2.43095159183481e-26	1.8251642658247775e-98	8.669530263221563e-98	0.0
-6.526315789473684	-1.9473684210526314	2.4309515918333527e-26	5.201672689004695e-98	2.4707945331442845e-97	0.0
-6.526315789473684	-2.2894736842105265	2.4309515915363364e-26	6.154390626352976e-98	2.923335805618e-97	0.0
-6.526315789473684	-2.6315789473684212	2.4309079785464585e-26	9.347168687409332e-102	4.439919718414086e-101	0.0
-6.526315789473684	-2.973684210526316	2.638416806583935e-26	3.6998805681392467e-96	1.7576662587156345e-95	0.0
-6.526315789473684	-3.3157894736842106	6.339169623333882e-26	5.725946727717152e-94	2.7321784923540656e-93	0.0
-6.526315789473684	-3.6578947368421053	2.775506297178961e-26	9.866158695854858e-104	4.770198571119857e-103	0.0
-6.526315789473684	-4.0	4.859143177550857e-26	4.399416347690208e-114	9.31855986247878e-62	0.0
-6.7631578947368425	2.5	2.6020170606273936e-26	7.291030722421438e-113	4.010066897331791e-112	0.0
-6.7631578947368425	2.1578947368421053	2.602017060627192e-26	2.7107777547760673e-111	1.4909277651268372e-110	0.0
-6.7631578947368425	1.8157894736842106	2.6020170606272725e-26	1.0077538843386987e-109	5.542646363862842e-109	0.0
-6.7631578947368425	1.473684210526316	2.602017060627393e-26	3.746407778883593e-108	2.0605242783859762e-107	0.0
-6.7631578947368425	1.1315789473684212	2.6020170606271916e-26	1.3929002958505068e-106	7.660951627177787e-106	0.0
-6.7631578947368425	0.7894736842105265	2.602017060627272e-26	5.1782212012222475e-105	2.848021660672236e-104	0.0
-6.7631578947368425	0.44736842105263186	2.602017060627392e-26	1.9250462137363945e-103	1.058775417555017e-102	0.0
-6.7631578947368425	0.10526315789473717	2.6020170606271904e-26	7.157247168671474e-102	3.936485942769311e-101	0.0
-6.7631578947368425	-0.23684210526315796	2.602017060627271e-26	2.660744047586941e-100	1.4634092261728186e-99	0.0
-6.7631578947368425	-0.5789473684210527	2.602017060627391e-26	9.88937200109611e-99	5.439154600603021e-98	0.0
-6.7631578947368425	-0.9210526315789473	2.602017060627149e-26	4.6518988846266464e-97	2.2096519701993225e-96	0.0
-6.7631578947368425	-1.263157894736842	2.602017060627269e-26	1.9775292706797747e-96	9.393264035992199e-96	0.0
-6.7631578947368425	-1.6052631578947367	2.6020170606273885e-26	2.216628894839391e-96	1.0528987261459279e-95	0.0
-6.7631578947368425	-1.9473684210526314	2.60201706062713e-26	1.2916242011683162e-96	6.135215193265332e-96	0.0
-6.7631578947368425	-2.2894736842105265	2.602017060626805e-26	8.665504675646229e-96	4.116120648643194e-95	0.0
-6.7631578947368425	-2.6315789473684212	2.602017048419623e-26	2.043501239595796e-95	9.707150640347615e-95	0.0
-6.7631578947368425	-2.973684210526316	2.600192359363248e-26	4.751684469187249e-95	2.261545980197392e-94	0.0
-6.7631578947368425	-3.3157894736842106	6.27954042463813e-26	3.864456499949624e-93	1.848561906031828e-92	0.0
-6.7631578947368425	-3.6578947368421053	2.775557004601418e-26	6.755767917671756e-103	3.231622584643586e-102	0.0
-6.7631578947368425	-4.0	4.859232261076982e-26	0.0	9.314954343712964e-62	0.0
-7.0	2.5	2.785120364600375e-26	1.487796410852958e-117	8.182880259691269e-117	0.0
-7.0	2.1578947368421053	2.7851203646005045e-26	5.531005252795675e-116	3.042052889037621e-115	0.0
-7.0	1.8157894736842106	2.7851203646005906e-26	2.0564069277361252e-114	1.131023810254869e-113	0.0
-7.0	1.473684210526316	2.785120364600375e-26	7.644861553109932e-113	4.204673854210463e-112	0.0
-7.0	1.1315789473684212	2.7851203646005045e-26	2.842040021810684e-111	1.563122011995876e-110	0.0
-7.0	0.7894736842105265	2.7851203646005906e-26	1.0566597775247923e-109	5.811628776386358e-109	0.0
-7.0	0.44736842105263186	2.785120364600375e-26	3.9282194587148604e-108	2.1605207022931734e-107	0.0
-7.0	0.10526315789473717	2.7851203646005045e-26	1.4603477955371071e-106	8.031912875454092e-106	0.0
-7.0	-0.23684210526315796	2.7851203646005906e-26	5.429515338613184e-105	2.98623343623729e-104	0.0
-7.0	-0.5789473684210527	2.785120364600375e-26	2.0184389115786968e-103	1.1101414013688212e-102	0.0
-7.0	-0.9210526315789473	2.7851203646005045e-26	7.500878030842152e-102	4.125482917037502e-101	0.0
-7.0	-1.263157894736842	2.7851203646005906e-26	3.51289121440857e-100	1.66862332760718e-99	0.0
-7.0	-1.6052631578947367	2.785120364600375e-26	1.0261873531464283e-98	4.874390010300741e-98	0.0
-7.0	-1.9473684210526314	2.78512036460046e-26	6.859903182236124e-98	3.2584560709282936e-97	0.0
-7.0	-2.2894736842105265	2.785120364600561e-26	7.180562837628174e-97	3.4108474970455346e-96	0.0
-7.0	-2.6315789473684212	2.785120364596627e-26	2.4446029293623024e-95	1.1622008094229772e-94	0.0
-7.0	-2.973684210526316	2.78511985384932e-26	7.751064251333705e-95	3.69201986354154e-94	0.0
-7.0	-3.3157894736842106	2.710689279617006e-26	7.33970769371145e-95	3.4960818307272135e-94	0.0
-7.0	-3.6578947368421053	2.774932905838027e-26	4.5872050352429385e-102	2.1849962394833045e-101	0.0
-7.0	-4.0	4.8593213383444115e-26	0.0	9.311349769291908e-62	0.0
