descriptor-R_s	descriptor-P_s	C6H12O_g	C6H12_g	H2O2_g	H2O_g
-31.0	-31.0	4.5901571667241516e-21	3.74109639949072e-21	3.74109639949072e-21	4.5901571667241516e-21
-31.0	-31.77777777777778	6.235940705410268e-19	0.0	0.0	6.235940705410268e-19
-31.0	-32.55555555555556	1.3232633136169494e-18	0.0	0.0	1.3232633136169494e-18
-31.0	-33.333333333333336	6.415139761110608e-19	0.0	0.0	6.415139761110608e-19
-31.0	-34.111111111111114	1.2581203404973993e-18	0.0	0.0	1.2581203404973993e-18
-31.0	-34.888888888888886	1.4098817206022875e-18	0.0	0.0	1.4098817206022875e-18
-31.0	-35.666666666666664	4.249906265584674e-22	0.0	0.0	4.249906265584674e-22
-31.0	-36.44444444444444	4.2378867992003775e-22	0.0	0.0	4.2378867992003775e-22
-31.0	-37.22222222222222	0.0	0.0	0.0	0.0
-31.0	-38.0	5.344988314943815e-29	7.228453550457394e-94	7.228453550457394e-94	5.344988314943815e-29
-31.77777777777778	-31.0	4.245303867859202e-22	0.0	0.0	4.245303867859202e-22
-31.77777777777778	-31.77777777777778	6.08231548535929e-11	0.0	0.0	6.08231548535929e-11
-31.77777777777778	-32.55555555555556	6.933732720115768e-11	0.0	0.0	6.933732720115768e-11
-31.77777777777778	-33.333333333333336	6.933732762038121e-11	0.0	0.0	6.933732762038121e-11
-31.77777777777778	-34.111111111111114	6.933732720109964e-11	0.0	0.0	6.933732720109964e-11
-31.77777777777778	-34.888888888888886	6.933732720465549e-11	0.0	0.0	6.933732720465549e-11
-31.77777777777778	-35.666666666666664	6.933732720102891e-11	0.0	0.0	6.933732720102891e-11
-31.77777777777778	-36.44444444444444	6.912209009549862e-11	0.0	0.0	6.912209009549862e-11
-31.77777777777778	-37.22222222222222	0.0	0.0	0.0	0.0
-31.77777777777778	-38.0	5.344988314943815e-29	4.2155651431985733e-82	4.2155651431985733e-82	5.344988314943815e-29
-32.55555555555556	-31.0	4.245303835990437e-22	0.0	0.0	4.245303835990437e-22
-32.55555555555556	-31.77777777777778	2.476643837078144e-10	0.0	0.0	2.476643837078144e-10
-32.55555555555556	-32.55555555555556	1.4538686756985364	0.0	0.0	1.4538686756985364
-32.55555555555556	-33.333333333333336	1.4612204572529988	0.0	0.0	1.4612204572529988
-32.55555555555556	-34.111111111111114	1.4612204572530114	0.0	0.0	1.4612204572530114
-32.55555555555556	-34.888888888888886	1.4612204572530114	0.0	0.0	1.4612204572530114
-32.55555555555556	-35.666666666666664	1.4612202560568515	0.0	0.0	1.4612202560568515
-32.55555555555556	-36.44444444444444	1.819076200965002e-05	0.0	0.0	1.819076200965002e-05
-32.55555555555556	-37.22222222222222	3.118182434010135e-17	0.0	0.0	3.118182434010135e-17
-32.55555555555556	-38.0	5.344988314943815e-29	2.4595283407789068e-70	2.4595283407789068e-70	5.344988314943815e-29
-33.333333333333336	-31.0	1.6789887664748107e-23	0.0	0.0	1.6789887664748107e-23
-33.333333333333336	-31.77777777777778	9.79495777372719e-12	0.0	0.0	9.79495777372719e-12
-33.333333333333336	-32.55555555555556	5.714225115992293	0.0	0.0	5.714225115992293
-33.333333333333336	-33.333333333333336	1056869607.7217141	0.0	0.0	1056869607.7217141
-33.333333333333336	-34.111111111111114	1057037167.4117383	0.0	0.0	1057037167.4117383
-33.333333333333336	-34.888888888888886	1057037167.4117385	0.0	0.0	1057037167.4117385
-33.333333333333336	-35.666666666666664	10506868.70180612	0.0	0.0	10506868.70180612
-33.333333333333336	-36.44444444444444	1.8190989173932638e-05	0.0	0.0	1.8190989173932638e-05
-33.333333333333336	-37.22222222222222	3.118182556745853e-17	0.0	0.0	3.118182556745853e-17
-33.333333333333336	-38.0	5.344988314943815e-29	1.0931594888563933e-60	1.0931594888563933e-60	5.344988314943815e-29
-34.111111111111114	-31.0	2.9965252671254965e-35	0.0	0.0	2.9965252671254965e-35
-34.111111111111114	-31.77777777777778	1.748125958044709e-23	0.0	0.0	1.748125958044709e-23
-34.111111111111114	-32.55555555555556	1.0198293332334335e-11	0.0	0.0	1.0198293332334335e-11
-34.111111111111114	-33.333333333333336	5.949524770405812	0.0	0.0	5.949524770405812
-34.111111111111114	-34.111111111111114	34397423.838781044	0.0	0.0	34397423.838781044
-34.111111111111114	-34.888888888888886	34397594.28482948	0.0	0.0	34397594.28482948
-34.111111111111114	-35.666666666666664	8110195.179689844	0.0	0.0	8110195.179689844
-34.111111111111114	-36.44444444444444	1.819098917392333e-05	0.0	0.0	1.819098917392333e-05
-34.111111111111114	-37.22222222222222	3.118182556745853e-17	0.0	0.0	3.118182556745853e-17
-34.111111111111114	-38.0	5.344988314943815e-29	1.0932633170405132e-60	1.0932633170405132e-60	5.344988314943815e-29
-34.888888888888886	-31.0	5.136451532712222e-47	0.0	0.0	5.136451532712222e-47
-34.888888888888886	-31.77777777777778	2.996525460003506e-35	0.0	0.0	2.996525460003506e-35
-34.888888888888886	-32.55555555555556	1.7481260706826993e-23	0.0	0.0	1.7481260706826993e-23
-34.888888888888886	-33.333333333333336	1.0198293332342674e-11	0.0	0.0	1.0198293332342674e-11
-34.888888888888886	-34.111111111111114	5.949524770407704	0.0	0.0	5.949524770407704
-34.888888888888886	-34.888888888888886	1074098.764221453	0.0	0.0	1074098.764221453
-34.888888888888886	-35.666666666666664	975378.7755169721	0.0	0.0	975378.7755169721
-34.888888888888886	-36.44444444444444	1.8190989173624867e-05	0.0	0.0	1.8190989173624867e-05
-34.888888888888886	-37.22222222222222	3.118182556745853e-17	0.0	0.0	3.118182556745853e-17
-34.888888888888886	-38.0	5.344988314943815e-29	1.0928999535550921e-60	1.0928999535550921e-60	5.344988314943815e-29
-35.666666666666664	-31.0	1.76132392947135e-58	2.1706351957041983e-25	2.1706351957041983e-25	1.76132392947135e-58
-35.666666666666664	-31.77777777777778	1.0272504817175254e-46	2.1706351957041983e-25	2.1706351957041983e-25	1.0272504817175254e-46
-35.666666666666664	-32.55555555555556	5.993282487878921e-35	2.1706351957041983e-25	2.1706351957041983e-25	5.993282487878921e-35
-35.666666666666664	-33.333333333333336	3.49665788615257e-23	2.1706351957041983e-25	2.1706351957041983e-25	3.49665788615257e-23
-35.666666666666664	-34.111111111111114	1.0198293344115282e-11	0.0	0.0	1.0198293344115282e-11
-35.666666666666664	-34.888888888888886	5.9495247704062315	0.0	0.0	5.9495247704062315
-35.666666666666664	-35.666666666666664	33328.14552845287	0.0	0.0	33328.14552845287
-35.666666666666664	-36.44444444444444	1.8190989164035224e-05	0.0	0.0	1.8190989164035224e-05
-35.666666666666664	-37.22222222222222	3.118182556745853e-17	0.0	0.0	3.118182556745853e-17
-35.666666666666664	-38.0	5.344988314943815e-29	1.0930037616488347e-60	1.0930037616488347e-60	5.344988314943815e-29
-36.44444444444444	-31.0	3.018914691021667e-70	3.7208288536023333e-37	3.7208288536023333e-37	3.018914691021667e-70
-36.44444444444444	-31.77777777777778	1.7607105193574025e-58	3.7208288536023333e-37	3.7208288536023333e-37	1.7607105193574025e-58
-36.44444444444444	-32.55555555555556	1.0272504817175295e-46	3.7208288536023333e-37	3.7208288536023333e-37	1.0272504817175295e-46
-36.44444444444444	-33.333333333333336	5.993282487878939e-35	3.7208288536023333e-37	3.7208288536023333e-37	5.993282487878939e-35
-36.44444444444444	-34.111111111111114	3.496657886152573e-23	3.7208288536023333e-37	3.7208288536023333e-37	3.496657886152573e-23
-36.44444444444444	-34.888888888888886	1.0198293344112758e-11	0.0	0.0	1.0198293344112758e-11
-36.44444444444444	-35.666666666666664	1.8190961363984673e-05	0.0	0.0	1.8190961363984673e-05
-36.44444444444444	-36.44444444444444	9.095494507971003e-06	0.0	0.0	9.095494507971003e-06
-36.44444444444444	-37.22222222222222	3.118182556740508e-17	0.0	0.0	3.118182556740508e-17
-36.44444444444444	-38.0	5.344988314943815e-29	1.0931075777782612e-60	1.0931075777782612e-60	5.344988314943815e-29
-37.22222222222222	-31.0	5.1744291661340853e-82	6.378117963854245e-49	6.378117963854245e-49	5.1744291661340853e-82
-37.22222222222222	-31.77777777777778	3.017863304179286e-70	6.378117963854245e-49	6.378117963854245e-49	3.017863304179286e-70
-37.22222222222222	-32.55555555555556	1.7607105193574096e-58	6.378117963854245e-49	6.378117963854245e-49	1.7607105193574096e-58
-37.22222222222222	-33.333333333333336	1.0272504817175324e-46	6.378117963854245e-49	6.378117963854245e-49	1.0272504817175324e-46
-37.22222222222222	-34.111111111111114	5.993282487878944e-35	6.378117963854245e-49	6.378117963854245e-49	5.993282487878944e-35
-37.22222222222222	-34.888888888888886	3.49544011736147e-23	6.378117963854245e-49	6.378117963854245e-49	3.49544011736147e-23
-37.22222222222222	-35.666666666666664	3.1181777933495303e-17	0.0	0.0	3.1181777933495303e-17
-37.22222222222222	-36.44444444444444	3.118182556740508e-17	0.0	0.0	3.118182556740508e-17
-37.22222222222222	-37.22222222222222	1.5590912783729266e-17	0.0	0.0	1.5590912783729266e-17
-37.22222222222222	-38.0	5.344988314934653e-29	0.0	0.0	5.344988314934653e-29
-38.0	-31.0	8.868987677912134e-94	1.093315234146654e-60	1.093315234146654e-60	8.868987677912134e-94
-38.0	-31.77777777777778	5.172627085817511e-82	1.093315234146654e-60	1.093315234146654e-60	5.172627085817511e-82
-38.0	-32.55555555555556	3.017863304179298e-70	1.093315234146654e-60	1.093315234146654e-60	3.017863304179298e-70
-38.0	-33.333333333333336	1.7607105193574145e-58	1.093315234146654e-60	1.093315234146654e-60	1.7607105193574145e-58
-38.0	-34.111111111111114	1.0272504817175334e-46	1.093315234146654e-60	1.093315234146654e-60	1.0272504817175334e-46
-38.0	-34.888888888888886	5.991195228384984e-35	1.093315234146654e-60	1.093315234146654e-60	5.991195228384984e-35
-38.0	-35.666666666666664	5.343747255998293e-29	1.093315234146654e-60	1.093315234146654e-60	5.343747255998293e-29
-38.0	-36.44444444444444	5.344988321116588e-29	0.0	0.0	5.344988321116588e-29
-38.0	-37.22222222222222	5.344988314934653e-29	0.0	0.0	5.344988314934653e-29
-38.0	-38.0	2.6724941574719076e-29	5.46657617073327e-61	5.46657617073327e-61	2.6724941574719076e-29
