descriptor-H_s	descriptor-O_s	C3H6O_g	C3H6_g	H2O_g	H2_g
1.0	0.0	0.0	1.0630915782061186e-20	1.0630915782061186e-20	0.0
1.0	-0.45454545454545503	0.0	6.486577919178025e-25	6.486577919177492e-25	0.0
1.0	-0.9090909090909092	0.0	8.658467874648672e-25	8.658467874628053e-25	0.0
1.0	-1.3636363636363638	0.0	2.9990344848417284e-27	2.999034484569679e-27	0.0
1.0	-1.8181818181818183	7.476607128502272e-28	4.405902391406529e-31	3.86171117406016e-26	7.044770391188924e-31
1.0	-2.272727272727273	6.2588543200264445e-28	0.0	0.0	3.4365377423322674e-26
1.0	-2.7272727272727275	6.759043909037694e-28	0.0	0.0	3.314661849153319e-26
1.0	-3.1818181818181817	1.2680178780231202e-27	0.0	0.0	2.0550575906162642e-26
1.0	-3.6363636363636367	6.69008224830551e-27	0.0	0.0	3.5861373352126057e-26
1.0	-4.090909090909091	3.306620022144887e-26	0.0	0.0	5.858400825390902e-26
1.0	-4.545454545454546	4.047861302752762e-26	0.0	0.0	2.371356089785398e-26
1.0	-5.0	9.292355896128077e-27	1.4052454654781538e-27	1.4052454654781678e-27	9.025967073647043e-27
0.545454545454545	0.0	0.0	1.4807475531428952e-22	1.4807475531428952e-22	0.0
0.545454545454545	-0.45454545454545503	0.0	5.383735864154477e-27	5.383735864154488e-27	0.0
0.545454545454545	-0.9090909090909092	0.0	6.424909221463313e-28	6.42490922145779e-28	0.0
0.545454545454545	-1.3636363636363638	0.0	5.1842214588132715e-27	5.184221458812446e-27	0.0
0.545454545454545	-1.8181818181818183	0.0	3.487882467186932e-28	3.4878824671823282e-28	0.0
0.545454545454545	-2.272727272727273	0.0	1.7321242087025063e-32	1.7321242084933803e-32	0.0
0.545454545454545	-2.7272727272727275	2.6445166087691185e-26	0.0	0.0	3.399909157163275e-26
0.545454545454545	-3.1818181818181817	4.962375494889679e-26	0.0	0.0	2.0555626398262728e-26
0.545454545454545	-3.6363636363636367	6.705753154586985e-27	0.0	0.0	2.785719041578792e-26
0.545454545454545	-4.090909090909091	2.0131936730077244e-27	0.0	0.0	2.66548901794325e-26
0.545454545454545	-4.545454545454546	0.0	0.0	0.0	3.1134287293624485e-26
0.545454545454545	-5.0	0.0	0.0	0.0	4.0923648441002704e-26
0.09090909090909083	0.0	4.838729874219418e-26	8.17842926256584e-37	5.161073154731589e-27	0.0
0.09090909090909083	-0.45454545454545503	2.0372584159542727e-31	6.07357129848807e-38	1.799059061918968e-26	0.0
0.09090909090909083	-0.9090909090909092	0.0	1.4187762109271403e-28	1.4187762109271605e-28	0.0
0.09090909090909083	-1.3636363636363638	0.0	6.368964423551473e-30	6.368964423551238e-30	0.0
0.09090909090909083	-1.8181818181818183	0.0	1.84300654120836e-29	1.843006541208329e-29	0.0
0.09090909090909083	-2.272727272727273	0.0	9.675045980770846e-30	9.675045980770607e-30	0.0
0.09090909090909083	-2.7272727272727275	4.8668730001010825e-27	7.087107761303347e-27	9.868444960496768e-27	2.3049123733593323e-27
0.09090909090909083	-3.1818181818181817	1.7147093231887136e-27	0.0	0.0	2.346699974111851e-26
0.09090909090909083	-3.6363636363636367	0.0	0.0	0.0	3.829307606046475e-26
0.09090909090909083	-4.090909090909091	9.52581779941515e-27	0.0	0.0	1.2503306563708457e-26
0.09090909090909083	-4.545454545454546	2.407896612682178e-26	2.815767373072991e-26	2.81523946502646e-26	4.9654074943362036e-27
0.09090909090909083	-5.0	9.737304877159047e-27	1.1378979539498204e-26	1.1377912882921315e-26	2.0035541609347257e-27
-0.36363636363636376	0.0	5.463434425987562e-26	6.637854967715996e-36	0.0	0.0
-0.36363636363636376	-0.45454545454545503	1.7386901476757155e-26	1.0649791352749845e-34	9.091794765784101e-28	0.0
-0.36363636363636376	-0.9090909090909092	0.0	4.39332926315389e-29	4.3933292631539486e-29	0.0
-0.36363636363636376	-1.3636363636363638	0.0	4.2653814424059274e-30	4.265381442405934e-30	0.0
-0.36363636363636376	-1.8181818181818183	0.0	5.618515866589138e-32	5.618515866589138e-32	0.0
-0.36363636363636376	-2.272727272727273	0.0	9.57453139709979e-32	9.574531397099775e-32	0.0
-0.36363636363636376	-2.7272727272727275	0.0	2.2439349421840617e-32	2.2439349421840576e-32	0.0
-0.36363636363636376	-3.1818181818181817	8.305834397045908e-27	3.363142573924134e-27	3.363142573924074e-27	7.032681936361073e-27
-0.36363636363636376	-3.6363636363636367	9.020717434669587e-27	1.062576932028039e-26	1.0626766775260664e-26	1.9227516390734483e-27
-0.36363636363636376	-4.090909090909091	1.488810963124828e-26	1.7395941573591333e-26	1.739920307643784e-26	3.0600307702841673e-27
-0.36363636363636376	-4.545454545454546	2.4005828243664565e-26	2.8132017725461664e-26	2.813025868674785e-26	5.0065271421457645e-27
-0.36363636363636376	-5.0	9.477914510671384e-27	1.1301767237729221e-26	1.1302121786493113e-26	2.143545149814298e-27
-0.8181818181818183	0.0	0.0	8.727835113453125e-18	8.727835113453125e-18	0.0
-0.8181818181818183	-0.45454545454545503	6.591816755262554e-26	1.7588246097585713e-35	0.0	0.0
-0.8181818181818183	-0.9090909090909092	5.98631113531115e-26	1.4656315271854615e-34	7.28826044621306e-27	2.0903583876958684e-33
-0.8181818181818183	-1.3636363636363638	0.0	6.120423440405358e-30	6.1204234404053614e-30	0.0
-0.8181818181818183	-1.8181818181818183	0.0	1.2566937036738756e-31	1.2566937036738758e-31	0.0
-0.8181818181818183	-2.272727272727273	0.0	7.145941486763596e-34	5.745620477204515e-29	1.065067921608459e-27
-0.8181818181818183	-2.7272727272727275	0.0	1.1496592289641244e-34	0.0	1.7377930220142947e-28
-0.8181818181818183	-3.1818181818181817	0.0	5.7642979611527314e-36	0.0	1.806806877625603e-29
-0.8181818181818183	-3.6363636363636367	0.0	1.3825962196388195e-38	0.0	5.885152267712746e-31
-0.8181818181818183	-4.090909090909091	1.3700929522174048e-26	1.7089352592462144e-26	1.7094755848570515e-26	3.71554807426025e-27
-0.8181818181818183	-4.545454545454546	1.954310042037147e-26	2.683024096080424e-26	2.6831966164425214e-26	7.406815993507901e-27
-0.8181818181818183	-5.0	0.0	2.377705974228695e-26	2.378277427740417e-26	4.794850180978762e-26
-1.272727272727273	0.0	0.0	7.98049501432455e-23	7.98049501432455e-23	0.0
-1.272727272727273	-0.45454545454545503	0.0	4.182593309515222e-21	4.182593309515222e-21	0.0
-1.272727272727273	-0.9090909090909092	2.7315407738797306e-26	2.753189836640387e-34	2.2728198524242225e-28	0.0
-1.272727272727273	-1.3636363636363638	0.0	1.0314515533021937e-29	1.031451553302194e-29	0.0
-1.272727272727273	-1.8181818181818183	0.0	3.659839320636748e-31	3.6598393206367484e-31	0.0
-1.272727272727273	-2.272727272727273	0.0	2.782029659161104e-33	6.957203222204669e-29	6.961522122470821e-28
-1.272727272727273	-2.7272727272727275	0.0	3.8217392838235236e-36	8.613994647396161e-32	9.629481281834396e-31
-1.272727272727273	-3.1818181818181817	0.0	1.7813360020843682e-38	0.0	1.3893297268476729e-32
-1.272727272727273	-3.6363636363636367	0.0	6.581936967180486e-40	0.0	1.2574880678152373e-33
-1.272727272727273	-4.090909090909091	0.0	7.416132820734052e-42	0.0	6.960475346945624e-35
-1.272727272727273	-4.545454545454546	0.0	0.0	0.0	2.2796102653149194e-27
-1.272727272727273	-5.0	0.0	0.0	0.0	0.0
-1.7272727272727275	0.0	0.0	3.2281823807073975e-29	3.2281823807073986e-29	0.0
-1.7272727272727275	-0.45454545454545503	0.0	3.141017796677167e-26	3.141017796677167e-26	0.0
-1.7272727272727275	-0.9090909090909092	0.0	2.1131222871915034e-24	2.1131222871915034e-24	0.0
-1.7272727272727275	-1.3636363636363638	0.0	8.849252124892058e-25	8.849252124892058e-25	0.0
-1.7272727272727275	-1.8181818181818183	4.287531597173153e-26	8.913162603769299e-32	0.0	0.0
-1.7272727272727275	-2.272727272727273	0.0	1.6412822189356418e-32	7.886247016095598e-29	7.88444681510708e-28
-1.7272727272727275	-2.7272727272727275	0.0	1.6961077237062708e-35	8.839790893450915e-32	8.838943667820323e-31
-1.7272727272727275	-3.1818181818181817	0.0	2.4023906140143875e-38	1.151602330474821e-34	1.1742168742991919e-33
-1.7272727272727275	-3.6363636363636367	0.0	1.0604558351238469e-26	1.060579156689714e-26	0.0
-1.7272727272727275	-4.090909090909091	0.0	1.1587986868018257e-26	1.159026968005281e-26	6.798974140600807e-28
-1.7272727272727275	-4.545454545454546	8.836256323915888e-37	7.838094800251797e-29	7.836753149524744e-29	0.0
-1.7272727272727275	-5.0	8.176738148841824e-28	1.6191940971558946e-26	1.619349041755804e-26	4.4811093155715894e-30
-2.1818181818181817	0.0	0.0	7.473894733280555e-37	1.1685108277095059e-27	7.886334431453257e-33
-2.1818181818181817	-0.45454545454545503	0.0	3.5211805647191376e-33	3.521180564719273e-33	0.0
-2.1818181818181817	-0.9090909090909092	0.0	1.8932727379333318e-29	1.8932727379333334e-29	0.0
-2.1818181818181817	-1.3636363636363638	0.0	7.650364679169633e-29	7.650364679169633e-29	0.0
-2.1818181818181817	-1.8181818181818183	0.0	7.757769963408027e-31	7.757769963408028e-31	0.0
-2.1818181818181817	-2.272727272727273	4.125000344705702e-26	2.151173417946548e-29	0.0	0.0
-2.1818181818181817	-2.7272727272727275	0.0	3.4749062078941454e-34	1.8697137113640606e-31	1.8658810016772284e-30
-2.1818181818181817	-3.1818181818181817	0.0	1.0987460515611903e-37	1.1583007280542321e-34	1.1570839376274683e-33
-2.1818181818181817	-3.6363636363636367	0.0	2.542147551816604e-29	2.541951690297555e-29	0.0
-2.1818181818181817	-4.090909090909091	1.431988211119279e-29	7.423236434782719e-29	7.423236434782719e-29	0.0
-2.1818181818181817	-4.545454545454546	0.0	4.481869323214474e-29	4.477101502277804e-29	0.0
-2.1818181818181817	-5.0	3.505939428140561e-27	5.4357057829032546e-27	5.4349830538825735e-27	0.0
-2.6363636363636367	0.0	0.0	4.8751206762029984e-43	4.4024628787027e-31	1.6994105071190949e-34
-2.6363636363636367	-0.45454545454545503	0.0	4.0870274457727865e-40	3.443929043524354e-29	3.6744208344255605e-30
-2.6363636363636367	-0.9090909090909092	0.0	5.027773796525299e-37	2.239633966666375e-27	2.239634578891696e-26
-2.6363636363636367	-1.3636363636363638	0.0	2.4700482985757993e-32	2.4700482985758004e-32	0.0
-2.6363636363636367	-1.8181818181818183	0.0	1.1623058440324382e-31	1.309520160561522e-27	1.3093941074730295e-26
-2.6363636363636367	-2.272727272727273	0.0	4.86306570556672e-34	2.9540037237819235e-30	2.953353236779341e-29
-2.6363636363636367	-2.7272727272727275	0.0	1.1988524090303273e-33	1.6292969630283387e-31	1.615575043722354e-30
-2.6363636363636367	-3.1818181818181817	0.0	5.027164961119178e-37	1.161319627991192e-34	1.152567010223571e-33
-2.6363636363636367	-3.6363636363636367	0.0	3.5038263217230633e-32	3.503865424158444e-32	0.0
-2.6363636363636367	-4.090909090909091	0.0	4.410865018779709e-28	4.412010063769081e-28	0.0
-2.6363636363636367	-4.545454545454546	1.348401863406213e-28	2.1533927069148373e-27	2.1529984727853294e-27	1.6560217027174873e-29
-2.6363636363636367	-5.0	0.0	3.272704331701338e-27	3.272650331073995e-27	1.722717554099907e-27
-3.090909090909091	0.0	0.0	3.486361441827364e-49	1.7367326964923473e-34	3.8340218558420526e-36
-3.090909090909091	-0.45454545454545503	0.0	2.86780242825565e-46	1.3457636442150903e-32	8.21149994511504e-32
-3.090909090909091	-0.9090909090909092	0.0	2.3675205711432097e-43	7.169351569942037e-31	7.169351584880224e-30
-3.090909090909091	-1.3636363636363638	0.0	2.3122739696731305e-40	7.81294701586066e-31	7.812947296571148e-30
-3.090909090909091	-1.8181818181818183	0.0	1.814047115032427e-36	2.413159228430154e-30	2.4131140544532447e-29
-3.090909090909091	-2.272727272727273	0.0	5.463676042184785e-35	4.623747299224587e-31	4.612920345382466e-30
-3.090909090909091	-2.7272727272727275	0.0	3.6580989057058417e-37	1.3304430246640772e-33	1.3052446339984986e-32
-3.090909090909091	-3.1818181818181817	0.0	4.4526615457558825e-28	4.453122387935928e-28	0.0
-3.090909090909091	-3.6363636363636367	2.6171468644426127e-30	1.482290683697393e-29	1.4825456845832813e-29	0.0
-3.090909090909091	-4.090909090909091	2.667918461156622e-28	1.4032670111817142e-27	1.403928929092544e-27	0.0
-3.090909090909091	-4.545454545454546	2.6009024469038943e-28	2.1525024003468783e-27	2.1525024003468783e-27	0.0
-3.090909090909091	-5.0	0.0	5.722975803235818e-29	5.723259105631423e-29	3.011863900674739e-29
-3.5454545454545454	0.0	0.0	1.922911628240171e-33	2.4941094292947288e-55	0.0
-3.5454545454545454	-0.45454545454545503	0.0	2.050849386279999e-52	5.3089033518417815e-36	1.8525823746735818e-33
-3.5454545454545454	-0.9090909090909092	0.0	1.6866899155349113e-49	2.822892759285362e-34	2.8228927594490454e-33
-3.5454545454545454	-1.3636363636363638	0.0	1.38874975554263e-46	2.824561275343263e-34	2.8245612340106622e-33
-3.5454545454545454	-1.8181818181818183	0.0	1.1763585241011857e-43	2.8666704366202485e-34	2.866582280876943e-33
-3.5454545454545454	-2.272727272727273	0.0	7.509851356263093e-41	2.5832300089683703e-34	2.4681320745793868e-33
-3.5454545454545454	-2.7272727272727275	0.0	2.0043440995930167e-38	2.0494027917495247e-34	8.284531456117291e-34
-3.5454545454545454	-3.1818181818181817	0.0	1.1696996094987942e-36	9.279936308397944e-35	0.0
-3.5454545454545454	-3.6363636363636367	3.617293040225441e-29	3.774742141157299e-27	3.773737645452658e-27	0.0
-3.5454545454545454	-4.090909090909091	9.145995223220997e-30	2.933803563125821e-27	2.9340705508793505e-27	0.0
-3.5454545454545454	-4.545454545454546	0.0	2.1430361640257545e-26	2.142788650990624e-26	1.1279100472304604e-26
-3.5454545454545454	-5.0	0.0	1.0007819810415413e-30	1.000715929917001e-30	5.2665957063123795e-31
-4.0	0.0	2.582847845807397e-44	1.6971261806089547e-33	1.103654036975557e-27	0.0
-4.0	-0.45454545454545503	0.0	4.9538421550407927e-39	2.1828186560563613e-33	0.0
-4.0	-0.9090909090909092	0.0	5.667907646649502e-37	1.1577067169597857e-31	0.0
-4.0	-1.3636363636363638	0.0	6.484289358468241e-35	1.1582697119806154e-31	0.0
-4.0	-1.8181818181818183	0.0	7.403288811421609e-33	1.1564944696259238e-31	0.0
-4.0	-2.272727272727273	0.0	1.2375716681555332e-31	1.2389345318468406e-31	0.0
-4.0	-2.7272727272727275	0.0	0.0	1.7253499105669098e-42	2.268407686091588e-35
-4.0	-3.1818181818181817	0.0	2.613190050636373e-36	2.7807501626532123e-39	0.0
-4.0	-3.6363636363636367	5.579541097992647e-35	1.4668149927535868e-29	1.467360469721238e-29	0.0
-4.0	-4.090909090909091	7.887852113278765e-28	1.2757512245419455e-26	1.2760519007151634e-26	0.0
-4.0	-4.545454545454546	0.0	3.746866486875966e-28	3.7466810162844005e-28	1.9722823005854036e-28
-4.0	-5.0	0.0	1.7497588226027314e-32	1.7497588226027171e-32	9.209256960146006e-33
